Iter | Sampling Pol | Evaluation Pol | Best (Sampled) 
   0 -42.82 -44.58 -100000000.00 
   1 -42.17 -42.07 -42.82 
   2 -42.19 -40.49 -42.17 
   3 -41.14 -37.71 -42.17 
   4 -39.62 -37.09 -41.14 
   5 -39.22 -35.15 -39.62 
   6 -37.80 -35.92 -39.22 
   7 -38.12 -34.51 -37.80 
   8 -37.46 -34.64 -37.80 
   9 -36.27 -34.16 -37.46 
  10 -34.72 -33.96 -36.27 
  11 -34.22 -33.18 -34.72 
  12 -34.37 -33.05 -34.22 
  13 -33.74 -32.18 -34.22 
  14 -32.74 -31.95 -33.74 
  15 -32.94 -31.67 -32.74 
  16 -32.88 -30.89 -32.74 
  17 -31.67 -30.31 -32.74 
  18 -31.33 -30.28 -31.67 
  19 -31.00 -30.24 -31.33 
  20 -30.49 -29.64 -31.00 
  21 -30.71 -29.61 -30.49 
  22 -30.60 -29.59 -30.49 
  23 -30.43 -29.17 -30.49 
  24 -29.56 -29.07 -30.43 
  25 -29.56 -28.89 -29.56 
  26 -29.12 -28.80 -29.56 
  27 -29.83 -28.96 -29.12 
  28 -28.94 -28.90 -29.12 
  29 -29.06 -28.69 -28.94 
  30 -28.53 -29.19 -28.94 
  31 -29.15 -28.91 -28.53 
  32 -28.77 -28.78 -28.53 
  33 -28.74 -28.60 -28.53 
  34 -28.62 -28.06 -28.53 
  35 -28.40 -27.68 -28.53 
  36 -28.38 -27.79 -28.40 
  37 -28.16 -27.68 -28.38 
  38 -28.52 -27.85 -28.16 
  39 -28.85 -27.58 -28.16 
  40 -27.97 -27.28 -28.16 
  41 -28.27 -27.11 -27.97 
  42 -27.90 -26.74 -27.97 
  43 -28.08 -26.64 -27.90 
  44 -27.45 -26.78 -27.90 
  45 -27.66 -26.79 -27.45 
  46 -27.04 -26.69 -27.45 
  47 -26.71 -26.85 -27.04 
  48 -26.88 -26.81 -26.71 
  49 -26.91 -26.76 -26.71 
  50 -26.81 -26.48 -26.71 
  51 -26.66 -26.52 -26.71 
  52 -26.51 -26.52 -26.66 
  53 -26.22 -26.33 -26.51 
  54 -26.17 -26.26 -26.22 
  55 -26.31 -26.43 -26.17 
  56 -26.20 -26.17 -26.17 
  57 -25.98 -26.16 -26.17 
  58 -24.86 -26.10 -25.98 
  59 -25.37 -26.08 -24.86 
  60 -25.10 -26.02 -24.86 
  61 -25.77 -25.95 -24.86 
  62 -25.05 -25.91 -24.86 
  63 -25.15 -25.90 -24.86 
  64 -24.92 -25.85 -24.86 
  65 -25.31 -25.79 -24.86 
  66 -24.49 -25.60 -24.86 
  67 -24.67 -25.64 -24.49 
  68 -25.04 -25.40 -24.49 
  69 -25.19 -25.45 -24.49 
  70 -24.86 -25.45 -24.49 
  71 -24.87 -25.21 -24.49 
  72 -24.63 -25.17 -24.49 
  73 -24.63 -25.04 -24.49 
  74 -25.17 -24.78 -24.49 
  75 -24.79 -24.63 -24.49 
  76 -23.86 -24.51 -24.49 
  77 -24.19 -24.61 -23.86 
  78 -24.33 -24.55 -23.86 
  79 -23.97 -24.47 -23.86 
  80 -24.16 -24.32 -23.86 
  81 -23.66 -24.28 -23.86 
  82 -24.28 -24.22 -23.66 
  83 -23.34 -24.12 -23.66 
  84 -23.19 -24.07 -23.34 
  85 -23.38 -24.04 -23.19 
  86 -23.24 -23.98 -23.19 
  87 -22.95 -23.86 -23.19 
  88 -23.37 -23.93 -22.95 
  89 -23.29 -23.87 -22.95 
  90 -23.51 -24.01 -22.95 
  91 -23.07 -24.04 -22.95 
  92 -23.55 -23.90 -22.95 
  93 -22.70 -23.80 -22.95 
  94 -23.43 -23.81 -22.70 
  95 -22.63 -23.76 -22.70 
  96 -23.05 -23.80 -22.63 
  97 -23.43 -23.77 -22.63 
  98 -22.99 -23.88 -22.63 
  99 -22.54 -23.76 -22.63 
 100 -22.84 -23.86 -22.54 
 101 -22.77 -23.74 -22.54 
 102 -23.02 -23.67 -22.54 
 103 -21.68 -23.59 -22.54 
 104 -22.66 -23.60 -21.68 
 105 -22.00 -23.52 -21.68 
 106 -21.80 -23.47 -21.68 
 107 -22.63 -23.47 -21.68 
 108 -22.45 -23.44 -21.68 
 109 -22.25 -23.32 -21.68 
 110 -21.97 -23.17 -21.68 
 111 -21.85 -23.04 -21.68 
 112 -21.85 -23.05 -21.68 
 113 -21.87 -23.00 -21.68 
 114 -22.33 -22.94 -21.68 
 115 -22.18 -22.95 -21.68 
 116 -21.92 -22.86 -21.68 
 117 -21.91 -22.81 -21.68 
 118 -21.73 -22.68 -21.68 
 119 -21.68 -22.69 -21.68 
 120 -21.30 -22.64 -21.68 
 121 -21.44 -22.53 -21.30 
 122 -21.24 -22.35 -21.30 
 123 -21.82 -22.56 -21.24 
 124 -21.74 -22.50 -21.24 
 125 -21.49 -22.60 -21.24 
 126 -21.01 -22.53 -21.24 
 127 -20.96 -22.38 -21.01 
 128 -21.35 -22.31 -20.96 
 129 -21.23 -22.25 -20.96 
 130 -21.29 -22.34 -20.96 
 131 -21.29 -22.19 -20.96 
 132 -20.93 -22.15 -20.96 
 133 -20.73 -22.35 -20.93 
 134 -20.82 -22.18 -20.73 
 135 -21.02 -21.99 -20.73 
 136 -20.61 -21.99 -20.73 
 137 -21.00 -21.90 -20.61 
 138 -21.04 -21.89 -20.61 
 139 -20.74 -21.76 -20.61 
 140 -20.71 -21.69 -20.61 
 141 -20.65 -21.73 -20.61 
 142 -20.66 -21.61 -20.61 
 143 -20.54 -21.62 -20.61 
 144 -20.41 -21.54 -20.54 
 145 -20.28 -21.60 -20.41 
 146 -20.42 -21.41 -20.28 
 147 -20.34 -21.45 -20.28 
 148 -20.48 -21.37 -20.28 
 149 -20.63 -21.27 -20.28 
 150 -20.22 -21.18 -20.28 
 151 -20.11 -21.19 -20.22 
 152 -20.25 -21.06 -20.11 
 153 -20.00 -20.95 -20.11 
 154 -19.96 -20.97 -20.00 
 155 -19.89 -20.96 -19.96 
 156 -20.03 -20.89 -19.89 
 157 -19.64 -20.85 -19.89 
 158 -19.84 -20.73 -19.64 
 159 -19.71 -20.79 -19.64 
 160 -20.15 -20.74 -19.64 
 161 -19.42 -20.73 -19.64 
 162 -19.80 -20.63 -19.42 
 163 -20.06 -20.62 -19.42 
 164 -19.68 -20.57 -19.42 
 165 -19.93 -20.50 -19.42 
 166 -19.88 -20.37 -19.42 
 167 -19.68 -20.18 -19.42 
 168 -19.44 -20.25 -19.42 
 169 -19.43 -20.04 -19.42 
 170 -19.44 -20.30 -19.42 
 171 -19.70 -20.12 -19.42 
 172 -19.37 -19.97 -19.42 
 173 -19.50 -20.08 -19.37 
 174 -19.44 -20.08 -19.37 
 175 -19.47 -20.16 -19.37 
 176 -19.62 -20.04 -19.37 
 177 -19.08 -20.00 -19.37 
 178 -19.03 -19.97 -19.08 
 179 -19.22 -19.79 -19.03 
 180 -19.46 -19.78 -19.03 
 181 -19.09 -19.85 -19.03 
 182 -19.13 -19.83 -19.03 
 183 -19.33 -19.74 -19.03 
 184 -18.97 -19.80 -19.03 
 185 -19.06 -19.90 -18.97 
 186 -19.28 -19.74 -18.97 
 187 -19.44 -19.77 -18.97 
 188 -19.26 -19.71 -18.97 
 189 -18.91 -19.73 -18.97 
 190 -19.29 -19.65 -18.91 
 191 -18.76 -19.58 -18.91 
 192 -18.79 -19.69 -18.76 
 193 -18.99 -19.73 -18.76 
 194 -18.97 -19.74 -18.76 
 195 -18.67 -19.80 -18.76 
 196 -18.89 -19.88 -18.67 
 197 -18.86 -19.81 -18.67 
 198 -18.98 -19.78 -18.67 
 199 -18.96 -19.80 -18.67 
 200 -19.00 -19.80 -18.67 
 201 -18.76 -19.68 -18.67 
 202 -18.98 -19.74 -18.67 
 203 -19.18 -19.67 -18.67 
 204 -18.97 -19.69 -18.67 
 205 -18.82 -19.71 -18.67 
 206 -18.62 -19.62 -18.67 
 207 -18.82 -19.73 -18.62 
 208 -18.99 -19.63 -18.62 
 209 -18.70 -19.57 -18.62 
 210 -18.82 -19.54 -18.62 
 211 -18.69 -19.54 -18.62 
 212 -18.50 -19.85 -18.62 
 213 -18.96 -19.56 -18.50 
 214 -18.67 -19.58 -18.50 
 215 -18.98 -19.74 -18.50 
 216 -18.98 -19.60 -18.50 
 217 -18.82 -19.58 -18.50 
 218 -18.80 -19.53 -18.50 
 219 -18.85 -19.59 -18.50 
 220 -19.16 -19.51 -18.50 
 221 -18.80 -19.65 -18.50 
 222 -18.81 -19.60 -18.50 
 223 -18.99 -19.60 -18.50 
 224 -18.84 -19.60 -18.50 
 225 -18.64 -19.44 -18.50 
 226 -18.99 -19.44 -18.50 
 227 -18.51 -19.48 -18.50 
 228 -18.87 -19.57 -18.50 
 229 -18.54 -19.48 -18.50 
 230 -18.90 -19.64 -18.50 
 231 -18.62 -19.67 -18.50 
 232 -18.72 -19.50 -18.50 
 233 -18.38 -19.47 -18.50 
 234 -18.86 -19.49 -18.38 
 235 -18.82 -19.59 -18.38 
 236 -18.69 -19.61 -18.38 
 237 -18.34 -19.55 -18.38 
 238 -18.52 -19.46 -18.34 
 239 -18.59 -19.53 -18.34 
 240 -18.63 -19.50 -18.34 
 241 -18.56 -19.47 -18.34 
 242 -18.49 -19.62 -18.34 
 243 -18.41 -19.38 -18.34 
 244 -18.49 -19.44 -18.34 
 245 -18.73 -19.49 -18.34 
 246 -18.89 -19.68 -18.34 
 247 -18.63 -19.78 -18.34 
 248 -18.33 -19.68 -18.34 
 249 -18.49 -19.42 -18.33 
 250 -18.51 -19.40 -18.33 
 251 -18.76 -19.29 -18.33 
 252 -18.87 -19.40 -18.33 
 253 -18.32 -19.51 -18.33 
 254 -18.36 -19.73 -18.32 
 255 -18.93 -19.45 -18.32 
 256 -18.68 -19.51 -18.32 
 257 -18.60 -19.31 -18.32 
 258 -18.55 -19.31 -18.32 
 259 -18.63 -19.41 -18.32 
 260 -18.56 -19.31 -18.32 
 261 -18.29 -19.29 -18.32 
 262 -18.23 -19.40 -18.29 
 263 -18.34 -19.37 -18.23 
 264 -18.29 -19.38 -18.23 
 265 -18.71 -19.48 -18.23 
 266 -18.36 -19.60 -18.23 
 267 -18.32 -19.57 -18.23 
 268 -18.66 -19.34 -18.23 
 269 -18.84 -19.41 -18.23 
 270 -18.24 -19.38 -18.23 
 271 -18.62 -19.59 -18.23 
 272 -18.76 -19.65 -18.23 
 273 -18.20 -19.44 -18.23 
 274 -18.68 -19.40 -18.20 
 275 -18.77 -19.48 -18.20 
 276 -18.73 -19.40 -18.20 
 277 -18.55 -19.36 -18.20 
 278 -18.32 -19.44 -18.20 
 279 -18.46 -19.58 -18.20 
 280 -18.58 -19.57 -18.20 
 281 -18.82 -19.54 -18.20 
 282 -18.32 -19.42 -18.20 
 283 -18.69 -19.39 -18.20 
 284 -18.48 -19.48 -18.20 
 285 -18.38 -19.52 -18.20 
 286 -18.76 -19.49 -18.20 
 287 -18.36 -19.44 -18.20 
 288 -18.60 -19.30 -18.20 
 289 -18.24 -19.33 -18.20 
 290 -18.87 -19.33 -18.20 
 291 -18.51 -19.36 -18.20 
 292 -18.71 -19.31 -18.20 
 293 -18.22 -19.32 -18.20 
 294 -18.99 -19.28 -18.20 
 295 -18.25 -19.24 -18.20 
 296 -18.67 -19.35 -18.20 
 297 -18.58 -19.35 -18.20 
 298 -18.78 -19.30 -18.20 
 299 -18.30 -19.34 -18.20 
 300 -17.90 -19.24 -18.20 
 301 -18.37 -19.20 -17.90 
 302 -18.43 -19.33 -17.90 
 303 -18.17 -19.47 -17.90 
 304 -18.25 -19.52 -17.90 
 305 -18.46 -19.42 -17.90 
 306 -18.20 -19.32 -17.90 
 307 -18.48 -19.30 -17.90 
 308 -18.54 -19.29 -17.90 
 309 -18.50 -19.38 -17.90 
 310 -18.38 -19.28 -17.90 
 311 -18.43 -19.30 -17.90 
 312 -18.53 -19.32 -17.90 
 313 -18.69 -19.26 -17.90 
 314 -18.28 -19.26 -17.90 
 315 -18.41 -19.33 -17.90 
 316 -18.47 -19.32 -17.90 
 317 -18.42 -19.46 -17.90 
 318 -18.53 -19.37 -17.90 
 319 -18.36 -19.38 -17.90 
 320 -18.49 -19.46 -17.90 
 321 -18.71 -19.34 -17.90 
 322 -17.98 -19.26 -17.90 
 323 -18.28 -19.23 -17.90 
 324 -18.45 -19.41 -17.90 
 325 -18.24 -19.45 -17.90 
 326 -18.10 -19.40 -17.90 
 327 -18.49 -19.28 -17.90 
 328 -18.43 -19.37 -17.90 
 329 -18.03 -19.47 -17.90 
 330 -18.80 -19.52 -17.90 
 331 -18.09 -19.41 -17.90 
 332 -18.56 -19.41 -17.90 
 333 -18.45 -19.56 -17.90 
 334 -18.39 -19.48 -17.90 
 335 -18.40 -19.62 -17.90 
 336 -18.55 -19.50 -17.90 
 337 -18.54 -19.70 -17.90 
 338 -18.41 -19.58 -17.90 
 339 -18.29 -19.48 -17.90 
 340 -18.88 -19.55 -17.90 
 341 -18.45 -19.70 -17.90 
 342 -18.63 -19.57 -17.90 
 343 -18.95 -19.61 -17.90 
 344 -18.85 -19.53 -17.90 
 345 -18.94 -19.52 -17.90 
 346 -18.64 -19.53 -17.90 
 347 -18.83 -19.48 -17.90 
 348 -18.83 -19.60 -17.90 
 349 -18.72 -19.56 -17.90 
 350 -18.87 -19.52 -17.90 
 351 -18.77 -19.41 -17.90 
 352 -18.76 -19.56 -17.90 
 353 -18.41 -19.59 -17.90 
 354 -18.48 -19.58 -17.90 
 355 -18.33 -19.60 -17.90 
 356 -18.44 -19.61 -17.90 
 357 -18.21 -19.55 -17.90 
 358 -18.44 -19.51 -17.90 
 359 -18.16 -19.75 -17.90 
 360 -18.41 -19.78 -17.90 
 361 -18.77 -19.69 -17.90 
 362 -18.36 -19.67 -17.90 
 363 -18.46 -19.77 -17.90 
 364 -18.52 -19.76 -17.90 
 365 -18.49 -19.69 -17.90 
 366 -18.34 -19.63 -17.90 
 367 -18.74 -19.73 -17.90 
 368 -18.39 -19.66 -17.90 
 369 -18.70 -19.68 -17.90 
 370 -18.32 -19.70 -17.90 
 371 -18.71 -19.67 -17.90 
 372 -18.23 -19.52 -17.90 
 373 -18.84 -19.68 -17.90 
 374 -18.41 -19.66 -17.90 
 375 -18.25 -19.50 -17.90 
 376 -18.45 -19.56 -17.90 
 377 -18.80 -19.67 -17.90 
 378 -18.30 -19.56 -17.90 
 379 -18.19 -19.58 -17.90 
 380 -18.47 -19.64 -17.90 
 381 -18.34 -19.65 -17.90 
 382 -18.20 -19.53 -17.90 
 383 -18.24 -19.73 -17.90 
 384 -18.44 -19.67 -17.90 
 385 -18.40 -19.62 -17.90 
 386 -18.12 -19.61 -17.90 
 387 -18.20 -19.82 -17.90 
 388 -18.33 -19.80 -17.90 
 389 -18.60 -19.81 -17.90 
 390 -18.66 -19.75 -17.90 
 391 -18.35 -19.60 -17.90 
 392 -18.97 -19.81 -17.90 
 393 -18.91 -19.83 -17.90 
 394 -18.56 -19.68 -17.90 
 395 -18.44 -19.75 -17.90 
 396 -18.60 -19.63 -17.90 
 397 -18.57 -19.84 -17.90 
 398 -18.48 -19.67 -17.90 
 399 -18.25 -19.74 -17.90 
 400 -18.48 -19.83 -17.90 
 401 -18.33 -19.78 -17.90 
 402 -19.02 -19.87 -17.90 
 403 -18.51 -19.78 -17.90 
 404 -18.48 -19.76 -17.90 
 405 -18.65 -19.73 -17.90 
 406 -18.58 -19.78 -17.90 
 407 -19.12 -19.65 -17.90 
 408 -18.29 -19.69 -17.90 
 409 -18.74 -19.73 -17.90 
 410 -18.53 -19.65 -17.90 
 411 -18.69 -19.67 -17.90 
 412 -18.82 -19.90 -17.90 
 413 -18.59 -19.82 -17.90 
 414 -18.25 -19.78 -17.90 
 415 -18.65 -19.77 -17.90 
 416 -18.00 -19.74 -17.90 
 417 -18.45 -19.69 -17.90 
 418 -18.67 -19.72 -17.90 
 419 -18.61 -19.71 -17.90 
 420 -18.27 -19.70 -17.90 
 421 -18.60 -19.54 -17.90 
 422 -18.40 -19.62 -17.90 
 423 -18.39 -19.62 -17.90 
 424 -18.38 -19.60 -17.90 
 425 -18.69 -19.66 -17.90 
 426 -18.34 -19.61 -17.90 
 427 -18.37 -19.65 -17.90 
 428 -18.50 -19.60 -17.90 
 429 -18.66 -19.72 -17.90 
 430 -18.58 -19.47 -17.90 
 431 -18.37 -19.56 -17.90 
 432 -18.38 -19.60 -17.90 
 433 -18.30 -19.64 -17.90 
 434 -18.56 -19.71 -17.90 
 435 -18.83 -19.66 -17.90 
 436 -18.42 -19.66 -17.90 
 437 -18.26 -19.82 -17.90 
 438 -18.53 -19.76 -17.90 
 439 -18.21 -19.71 -17.90 
 440 -18.48 -19.82 -17.90 
 441 -18.70 -19.84 -17.90 
 442 -18.59 -19.80 -17.90 
 443 -18.67 -19.72 -17.90 
 444 -18.67 -19.77 -17.90 
 445 -18.91 -19.77 -17.90 
 446 -18.55 -19.64 -17.90 
 447 -18.83 -19.61 -17.90 
 448 -18.30 -19.69 -17.90 
 449 -18.80 -19.95 -17.90 
 450 -18.67 -19.91 -17.90 
 451 -18.38 -19.80 -17.90 
 452 -18.09 -19.60 -17.90 
 453 -18.74 -19.71 -17.90 
 454 -18.54 -19.77 -17.90 
 455 -18.41 -19.85 -17.90 
 456 -18.44 -19.87 -17.90 
 457 -18.37 -19.81 -17.90 
 458 -18.14 -19.74 -17.90 
 459 -18.60 -19.70 -17.90 
 460 -18.77 -19.68 -17.90 
 461 -18.53 -19.58 -17.90 
 462 -18.81 -19.62 -17.90 
 463 -18.77 -19.60 -17.90 
 464 -18.82 -19.63 -17.90 
 465 -18.56 -19.70 -17.90 
 466 -18.70 -19.78 -17.90 
 467 -18.67 -19.74 -17.90 
 468 -18.48 -19.74 -17.90 
 469 -18.54 -19.65 -17.90 
 470 -18.66 -19.70 -17.90 
 471 -18.61 -19.57 -17.90 
 472 -18.77 -19.50 -17.90 
 473 -18.86 -19.54 -17.90 
 474 -18.59 -19.60 -17.90 
 475 -18.55 -19.49 -17.90 
 476 -18.63 -19.52 -17.90 
 477 -18.42 -19.49 -17.90 
 478 -18.30 -19.55 -17.90 
 479 -18.47 -19.50 -17.90 
 480 -18.39 -19.55 -17.90 
 481 -18.78 -19.60 -17.90 
 482 -18.54 -19.75 -17.90 
 483 -18.30 -19.81 -17.90 
 484 -18.49 -19.62 -17.90 
 485 -18.33 -19.65 -17.90 
 486 -18.59 -19.60 -17.90 
 487 -18.34 -19.56 -17.90 
 488 -18.51 -19.50 -17.90 
 489 -18.25 -19.53 -17.90 
 490 -18.36 -19.60 -17.90 
 491 -18.50 -19.71 -17.90 
 492 -18.62 -19.90 -17.90 
 493 -18.43 -19.63 -17.90 
 494 -18.44 -19.66 -17.90 
 495 -18.43 -19.54 -17.90 
 496 -18.36 -19.74 -17.90 
 497 -18.68 -19.64 -17.90 
 498 -18.19 -19.49 -17.90 
 499 -18.43 -19.56 -17.90 
 500 -18.11 -19.61 -17.90 
 501 -18.01 -19.55 -17.90 
 502 -18.30 -19.47 -17.90 
 503 -18.64 -19.50 -17.90 
 504 -18.50 -19.50 -17.90 
 505 -18.48 -19.48 -17.90 
 506 -18.62 -19.55 -17.90 
 507 -18.83 -19.77 -17.90 
 508 -18.63 -19.63 -17.90 
 509 -18.21 -19.52 -17.90 
 510 -18.80 -19.55 -17.90 
 511 -18.70 -19.40 -17.90 
 512 -18.20 -19.47 -17.90 
 513 -18.71 -19.57 -17.90 
 514 -18.54 -19.55 -17.90 
 515 -18.27 -19.49 -17.90 
 516 -18.24 -19.50 -17.90 
 517 -18.39 -19.56 -17.90 
 518 -18.50 -19.66 -17.90 
 519 -18.30 -19.49 -17.90 
 520 -18.65 -19.61 -17.90 
 521 -19.08 -19.62 -17.90 
 522 -18.27 -19.70 -17.90 
 523 -18.44 -19.61 -17.90 
 524 -18.41 -19.75 -17.90 
 525 -18.37 -19.59 -17.90 
 526 -18.52 -19.59 -17.90 
 527 -18.46 -19.52 -17.90 
 528 -18.62 -19.55 -17.90 
 529 -18.14 -19.70 -17.90 
 530 -18.68 -19.68 -17.90 
 531 -18.39 -19.67 -17.90 
 532 -18.30 -19.62 -17.90 
 533 -18.32 -19.64 -17.90 
 534 -18.57 -19.85 -17.90 
 535 -18.48 -19.90 -17.90 
 536 -18.68 -19.83 -17.90 
 537 -18.24 -19.60 -17.90 
 538 -18.39 -19.49 -17.90 
 539 -18.20 -19.55 -17.90 
 540 -18.40 -19.69 -17.90 
 541 -18.53 -19.79 -17.90 
 542 -18.38 -19.94 -17.90 
 543 -18.77 -19.77 -17.90 
 544 -18.88 -19.77 -17.90 
 545 -18.81 -19.75 -17.90 
 546 -18.50 -19.81 -17.90 
 547 -18.21 -19.77 -17.90 
 548 -18.27 -19.57 -17.90 
 549 -18.28 -19.63 -17.90 
 550 -18.35 -19.72 -17.90 
 551 -18.31 -19.65 -17.90 
 552 -18.33 -19.73 -17.90 
 553 -18.16 -19.83 -17.90 
 554 -18.19 -19.79 -17.90 
 555 -18.18 -19.69 -17.90 
 556 -18.46 -19.73 -17.90 
 557 -18.92 -19.82 -17.90 
 558 -18.42 -19.68 -17.90 
 559 -18.78 -19.72 -17.90 
 560 -18.19 -19.81 -17.90 
 561 -18.46 -19.74 -17.90 
 562 -18.49 -19.66 -17.90 
 563 -18.00 -19.67 -17.90 
 564 -18.51 -19.66 -17.90 
 565 -17.94 -19.58 -17.90 
 566 -18.52 -19.56 -17.90 
 567 -18.15 -19.67 -17.90 
 568 -18.48 -19.67 -17.90 
 569 -18.46 -19.69 -17.90 
 570 -18.42 -19.49 -17.90 
 571 -18.50 -19.52 -17.90 
 572 -18.67 -19.62 -17.90 
 573 -18.38 -19.78 -17.90 
 574 -18.72 -19.54 -17.90 
 575 -17.92 -19.56 -17.90 
 576 -18.39 -19.71 -17.90 
 577 -18.45 -19.80 -17.90 
 578 -18.06 -19.74 -17.90 
 579 -18.38 -19.74 -17.90 
 580 -18.74 -19.64 -17.90 
 581 -18.57 -19.69 -17.90 
 582 -18.33 -19.60 -17.90 
 583 -18.62 -19.66 -17.90 
 584 -18.09 -19.53 -17.90 
 585 -18.45 -19.67 -17.90 
 586 -18.50 -19.82 -17.90 
 587 -18.38 -19.61 -17.90 
 588 -18.09 -19.68 -17.90 
 589 -18.36 -19.83 -17.90 
 590 -18.18 -19.75 -17.90 
 591 -18.19 -19.79 -17.90 
 592 -18.64 -19.85 -17.90 
 593 -18.41 -19.81 -17.90 
 594 -18.33 -19.81 -17.90 
 595 -18.67 -19.82 -17.90 
 596 -18.32 -19.72 -17.90 
 597 -18.32 -19.85 -17.90 
 598 -18.53 -19.90 -17.90 
 599 -18.47 -19.77 -17.90 
 600 -18.52 -19.83 -17.90 
 601 -18.28 -19.83 -17.90 
 602 -18.51 -19.63 -17.90 
 603 -18.29 -19.71 -17.90 
 604 -18.07 -19.75 -17.90 
 605 -18.37 -19.82 -17.90 
 606 -18.76 -19.83 -17.90 
 607 -18.27 -19.72 -17.90 
 608 -18.98 -19.62 -17.90 
 609 -18.48 -19.75 -17.90 
 610 -18.72 -19.63 -17.90 
 611 -18.47 -19.59 -17.90 
 612 -18.19 -19.62 -17.90 
 613 -18.29 -19.65 -17.90 
 614 -18.44 -19.53 -17.90 
 615 -18.16 -19.51 -17.90 
 616 -18.47 -19.56 -17.90 
 617 -18.13 -19.63 -17.90 
 618 -18.64 -19.63 -17.90 
 619 -18.35 -19.67 -17.90 
 620 -18.19 -19.60 -17.90 
 621 -18.46 -19.58 -17.90 
 622 -18.34 -19.56 -17.90 
 623 -18.13 -19.61 -17.90 
 624 -18.40 -19.66 -17.90 
 625 -18.28 -19.62 -17.90 
 626 -18.10 -19.78 -17.90 
 627 -18.32 -19.60 -17.90 
 628 -18.29 -19.63 -17.90 
 629 -17.91 -19.46 -17.90 
 630 -18.18 -19.44 -17.90 
 631 -18.56 -19.51 -17.90 
 632 -18.59 -19.58 -17.90 
 633 -18.63 -19.73 -17.90 
 634 -18.47 -19.56 -17.90 
 635 -18.82 -19.58 -17.90 
 636 -18.22 -19.50 -17.90 
 637 -18.18 -19.47 -17.90 
 638 -17.96 -19.35 -17.90 
 639 -18.11 -19.52 -17.90 
 640 -18.48 -19.45 -17.90 
 641 -18.59 -19.46 -17.90 
 642 -18.27 -19.53 -17.90 
 643 -18.65 -19.47 -17.90 
 644 -18.17 -19.40 -17.90 
 645 -18.43 -19.49 -17.90 
 646 -18.60 -19.39 -17.90 
 647 -18.19 -19.51 -17.90 
 648 -18.46 -19.43 -17.90 
 649 -18.62 -19.38 -17.90 
 650 -18.37 -19.34 -17.90 
 651 -18.26 -19.35 -17.90 
 652 -18.14 -19.39 -17.90 
 653 -18.10 -19.38 -17.90 
 654 -18.23 -19.34 -17.90 
 655 -18.59 -19.43 -17.90 
 656 -18.53 -19.58 -17.90 
 657 -18.09 -19.83 -17.90 
 658 -18.27 -19.75 -17.90 
 659 -18.70 -19.64 -17.90 
 660 -18.46 -19.74 -17.90 
 661 -18.63 -19.77 -17.90 
 662 -18.89 -19.71 -17.90 
 663 -18.64 -19.76 -17.90 
 664 -18.36 -19.87 -17.90 
 665 -18.66 -19.56 -17.90 
 666 -18.37 -19.41 -17.90 
 667 -18.61 -19.48 -17.90 
 668 -18.66 -19.44 -17.90 
 669 -18.39 -19.58 -17.90 
 670 -18.12 -19.35 -17.90 
 671 -18.67 -19.43 -17.90 
 672 -18.34 -19.60 -17.90 
 673 -18.44 -19.59 -17.90 
 674 -18.39 -19.72 -17.90 
 675 -18.70 -19.82 -17.90 
 676 -18.23 -19.64 -17.90 
 677 -18.42 -19.55 -17.90 
 678 -18.68 -19.65 -17.90 
 679 -18.68 -19.61 -17.90 
 680 -18.36 -19.67 -17.90 
 681 -18.14 -19.58 -17.90 
 682 -18.36 -19.59 -17.90 
 683 -18.49 -19.53 -17.90 
 684 -18.06 -19.50 -17.90 
 685 -18.91 -19.61 -17.90 
 686 -18.51 -19.60 -17.90 
 687 -18.29 -19.54 -17.90 
 688 -18.54 -19.54 -17.90 
 689 -18.33 -19.53 -17.90 
 690 -18.16 -19.55 -17.90 
 691 -19.03 -19.70 -17.90 
 692 -18.49 -19.71 -17.90 
 693 -18.54 -19.71 -17.90 
 694 -18.73 -19.72 -17.90 
 695 -18.48 -19.64 -17.90 
 696 -18.57 -19.67 -17.90 
 697 -18.70 -19.67 -17.90 
 698 -18.41 -19.68 -17.90 
 699 -18.59 -19.69 -17.90 
 700 -18.51 -19.65 -17.90 
 701 -18.43 -19.46 -17.90 
 702 -18.30 -19.52 -17.90 
 703 -18.18 -19.62 -17.90 
 704 -18.53 -19.60 -17.90 
 705 -18.41 -19.51 -17.90 
 706 -18.64 -19.68 -17.90 
 707 -18.07 -19.69 -17.90 
 708 -18.81 -19.79 -17.90 
 709 -18.78 -19.84 -17.90 
 710 -18.70 -19.77 -17.90 
 711 -18.97 -19.68 -17.90 
 712 -18.27 -19.74 -17.90 
 713 -18.62 -19.67 -17.90 
 714 -18.10 -19.77 -17.90 
 715 -18.49 -19.68 -17.90 
 716 -18.73 -19.65 -17.90 
 717 -18.21 -19.57 -17.90 
 718 -18.38 -19.80 -17.90 
 719 -18.44 -19.61 -17.90 
 720 -19.00 -19.73 -17.90 
 721 -18.43 -19.68 -17.90 
 722 -19.06 -19.78 -17.90 
 723 -18.85 -19.66 -17.90 
 724 -18.10 -19.73 -17.90 
 725 -18.87 -19.67 -17.90 
 726 -18.70 -19.60 -17.90 
 727 -18.39 -19.44 -17.90 
 728 -18.56 -19.49 -17.90 
 729 -18.62 -19.54 -17.90 
 730 -18.53 -19.56 -17.90 
 731 -18.32 -19.61 -17.90 
 732 -18.74 -19.60 -17.90 
 733 -18.70 -19.51 -17.90 
 734 -18.58 -19.71 -17.90 
 735 -18.21 -19.76 -17.90 
 736 -18.25 -19.61 -17.90 
 737 -18.24 -19.70 -17.90 
 738 -18.16 -19.63 -17.90 
 739 -18.57 -20.04 -17.90 
 740 -18.18 -19.38 -17.90 
 741 -18.43 -19.58 -17.90 
 742 -18.19 -19.66 -17.90 
 743 -18.36 -19.54 -17.90 
 744 -19.02 -19.73 -17.90 
 745 -18.69 -19.76 -17.90 
 746 -18.95 -19.84 -17.90 
 747 -18.53 -19.72 -17.90 
 748 -18.53 -19.60 -17.90 
 749 -19.05 -19.79 -17.90 
 750 -18.61 -19.74 -17.90 
 751 -18.70 -19.76 -17.90 
 752 -18.28 -19.71 -17.90 
 753 -18.43 -19.61 -17.90 
 754 -18.41 -19.51 -17.90 
 755 -18.28 -19.47 -17.90 
 756 -18.65 -19.82 -17.90 
 757 -18.58 -19.64 -17.90 
 758 -18.41 -19.49 -17.90 
 759 -18.45 -19.58 -17.90 
 760 -18.28 -19.64 -17.90 
 761 -18.47 -19.56 -17.90 
 762 -18.20 -19.63 -17.90 
 763 -18.49 -19.79 -17.90 
 764 -18.31 -19.73 -17.90 
 765 -18.47 -19.94 -17.90 
 766 -18.33 -19.99 -17.90 
 767 -18.81 -20.19 -17.90 
 768 -18.46 -19.86 -17.90 
 769 -18.41 -20.10 -17.90 
 770 -18.70 -20.10 -17.90 
 771 -18.48 -20.04 -17.90 
 772 -18.46 -19.83 -17.90 
 773 -18.35 -20.34 -17.90 
 774 -18.88 -20.25 -17.90 
 775 -18.73 -20.27 -17.90 
 776 -18.77 -20.04 -17.90 
 777 -18.68 -19.91 -17.90 
 778 -18.22 -19.88 -17.90 
 779 -18.38 -19.78 -17.90 
 780 -18.92 -19.74 -17.90 
 781 -18.55 -19.88 -17.90 
 782 -18.38 -19.74 -17.90 
 783 -18.24 -19.78 -17.90 
 784 -18.37 -19.67 -17.90 
 785 -18.52 -19.85 -17.90 
 786 -18.94 -19.95 -17.90 
 787 -18.29 -19.83 -17.90 
 788 -18.46 -19.82 -17.90 
 789 -18.90 -19.76 -17.90 
 790 -18.42 -19.81 -17.90 
 791 -18.62 -19.76 -17.90 
 792 -18.71 -19.63 -17.90 
 793 -18.67 -19.66 -17.90 
 794 -18.56 -19.69 -17.90 
 795 -18.89 -19.74 -17.90 
 796 -18.36 -19.68 -17.90 
 797 -18.75 -19.86 -17.90 
 798 -18.39 -19.72 -17.90 
 799 -18.60 -19.70 -17.90 
 800 -18.77 -19.75 -17.90 
 801 -18.68 -19.81 -17.90 
 802 -18.84 -19.66 -17.90 
 803 -18.25 -19.84 -17.90 
 804 -18.46 -19.95 -17.90 
 805 -18.46 -19.83 -17.90 
 806 -18.43 -19.86 -17.90 
 807 -18.51 -20.00 -17.90 
 808 -18.65 -19.98 -17.90 
 809 -18.70 -19.98 -17.90 
 810 -18.25 -19.96 -17.90 
 811 -18.58 -20.00 -17.90 
 812 -18.99 -19.73 -17.90 
 813 -18.50 -19.80 -17.90 
 814 -18.34 -19.83 -17.90 
 815 -19.20 -19.98 -17.90 
 816 -18.64 -19.81 -17.90 
 817 -18.84 -19.89 -17.90 
 818 -18.49 -19.85 -17.90 
 819 -18.77 -19.85 -17.90 
 820 -18.81 -19.74 -17.90 
 821 -18.70 -19.82 -17.90 
 822 -18.48 -19.73 -17.90 
 823 -18.51 -19.75 -17.90 
 824 -18.47 -19.79 -17.90 
 825 -18.20 -19.52 -17.90 
 826 -18.71 -19.73 -17.90 
 827 -18.73 -19.75 -17.90 
 828 -18.42 -19.84 -17.90 
 829 -18.71 -19.87 -17.90 
 830 -18.33 -19.78 -17.90 
 831 -18.18 -19.58 -17.90 
 832 -18.73 -19.58 -17.90 
 833 -18.57 -19.68 -17.90 
 834 -18.63 -19.56 -17.90 
 835 -18.58 -19.56 -17.90 
 836 -18.25 -19.64 -17.90 
 837 -18.29 -19.91 -17.90 
 838 -18.14 -19.58 -17.90 
 839 -18.45 -19.73 -17.90 
 840 -18.74 -19.86 -17.90 
 841 -18.54 -19.78 -17.90 
 842 -18.61 -19.70 -17.90 
 843 -18.75 -19.47 -17.90 
 844 -18.78 -19.50 -17.90 
 845 -19.20 -19.64 -17.90 
 846 -18.37 -19.49 -17.90 
 847 -18.32 -19.58 -17.90 
 848 -18.51 -19.57 -17.90 
 849 -18.44 -19.63 -17.90 
 850 -18.54 -19.56 -17.90 
 851 -18.85 -19.49 -17.90 
 852 -18.61 -19.63 -17.90 
 853 -18.40 -19.52 -17.90 
 854 -18.17 -19.68 -17.90 
 855 -18.08 -19.87 -17.90 
 856 -18.27 -19.47 -17.90 
 857 -17.98 -19.82 -17.90 
 858 -18.71 -19.74 -17.90 
 859 -17.94 -19.74 -17.90 
 860 -18.63 -19.67 -17.90 
 861 -18.25 -19.47 -17.90 
 862 -18.68 -19.77 -17.90 
 863 -18.18 -19.71 -17.90 
 864 -18.28 -19.50 -17.90 
 865 -18.51 -19.57 -17.90 
 866 -18.58 -19.48 -17.90 
 867 -18.71 -19.61 -17.90 
 868 -18.45 -19.46 -17.90 
 869 -19.00 -19.64 -17.90 
 870 -18.89 -19.39 -17.90 
 871 -18.75 -19.85 -17.90 
 872 -18.94 -19.67 -17.90 
 873 -18.34 -19.65 -17.90 
 874 -18.56 -19.60 -17.90 
 875 -18.81 -19.57 -17.90 
 876 -18.33 -19.52 -17.90 
 877 -18.11 -19.47 -17.90 
 878 -18.47 -19.75 -17.90 
 879 -18.81 -19.49 -17.90 
 880 -18.50 -19.56 -17.90 
 881 -18.19 -19.53 -17.90 
 882 -18.48 -19.65 -17.90 
 883 -18.96 -19.48 -17.90 
 884 -18.86 -19.63 -17.90 
 885 -18.90 -19.63 -17.90 
 886 -18.70 -19.51 -17.90 
 887 -18.37 -19.48 -17.90 
 888 -18.58 -19.57 -17.90 
 889 -18.41 -19.72 -17.90 
 890 -17.99 -20.01 -17.90 
 891 -18.54 -19.88 -17.90 
 892 -18.08 -19.84 -17.90 
 893 -18.51 -19.62 -17.90 
 894 -18.13 -19.82 -17.90 
 895 -18.35 -19.68 -17.90 
 896 -18.66 -19.63 -17.90 
 897 -18.90 -19.63 -17.90 
 898 -18.63 -19.61 -17.90 
 899 -18.94 -19.82 -17.90 
 900 -18.29 -19.58 -17.90 
 901 -18.95 -19.74 -17.90 
 902 -19.09 -19.74 -17.90 
 903 -18.44 -19.66 -17.90 
 904 -18.27 -19.75 -17.90 
 905 -18.47 -19.73 -17.90 
 906 -18.28 -19.81 -17.90 
 907 -19.06 -20.03 -17.90 
 908 -18.74 -19.99 -17.90 
 909 -18.34 -19.87 -17.90 
 910 -18.69 -19.66 -17.90 
 911 -18.52 -19.67 -17.90 
 912 -18.32 -19.91 -17.90 
 913 -18.70 -19.82 -17.90 
 914 -18.55 -20.00 -17.90 
 915 -18.51 -19.87 -17.90 
 916 -18.70 -19.90 -17.90 
 917 -18.59 -20.06 -17.90 
 918 -18.86 -19.95 -17.90 
 919 -18.51 -20.28 -17.90 
 920 -18.60 -19.99 -17.90 
 921 -18.87 -20.01 -17.90 
 922 -18.42 -19.93 -17.90 
 923 -18.63 -20.04 -17.90 
 924 -18.69 -19.79 -17.90 
 925 -18.12 -20.06 -17.90 
 926 -18.98 -19.94 -17.90 
 927 -18.68 -19.96 -17.90 
 928 -19.20 -19.91 -17.90 
 929 -18.67 -20.13 -17.90 
 930 -18.86 -20.13 -17.90 
 931 -18.62 -20.09 -17.90 
 932 -18.92 -19.85 -17.90 
 933 -19.30 -20.08 -17.90 
 934 -18.27 -19.98 -17.90 
 935 -18.61 -20.00 -17.90 
 936 -18.89 -20.06 -17.90 
 937 -18.99 -19.88 -17.90 
 938 -19.28 -19.85 -17.90 
 939 -18.31 -20.08 -17.90 
 940 -18.91 -19.80 -17.90 
 941 -18.15 -19.74 -17.90 
 942 -18.74 -19.86 -17.90 
 943 -18.63 -19.65 -17.90 
 944 -18.81 -19.71 -17.90 
 945 -18.86 -19.54 -17.90 
 946 -18.37 -19.81 -17.90 
 947 -18.55 -19.62 -17.90 
 948 -18.31 -19.72 -17.90 
 949 -18.62 -19.41 -17.90 
 950 -18.62 -19.58 -17.90 
 951 -18.50 -19.63 -17.90 
 952 -18.76 -19.32 -17.90 
 953 -18.85 -19.54 -17.90 
 954 -18.73 -19.64 -17.90 
 955 -18.67 -19.65 -17.90 
 956 -18.97 -19.49 -17.90 
 957 -18.52 -19.41 -17.90 
 958 -18.55 -19.61 -17.90 
 959 -18.86 -19.83 -17.90 
 960 -18.56 -19.65 -17.90 
 961 -18.61 -19.45 -17.90 
 962 -19.00 -19.76 -17.90 
 963 -18.16 -19.45 -17.90 
 964 -18.29 -19.56 -17.90 
 965 -19.20 -19.57 -17.90 
 966 -18.31 -19.79 -17.90 
 967 -18.82 -19.53 -17.90 
 968 -18.29 -19.35 -17.90 
 969 -18.86 -19.32 -17.90 
 970 -18.48 -19.49 -17.90 
 971 -18.75 -19.45 -17.90 
 972 -18.51 -19.53 -17.90 
 973 -18.62 -19.61 -17.90 
 974 -18.50 -19.50 -17.90 
 975 -18.67 -19.51 -17.90 
 976 -18.45 -19.75 -17.90 
 977 -18.19 -19.74 -17.90 
 978 -18.30 -20.00 -17.90 
 979 -18.76 -20.06 -17.90 
 980 -18.64 -19.95 -17.90 
 981 -18.74 -19.81 -17.90 
 982 -18.13 -19.83 -17.90 
 983 -18.35 -19.73 -17.90 
 984 -18.45 -19.76 -17.90 
 985 -18.47 -19.91 -17.90 
 986 -18.46 -19.38 -17.90 
 987 -17.98 -19.44 -17.90 
 988 -18.56 -19.49 -17.90 
 989 -18.49 -19.55 -17.90 
 990 -18.29 -19.64 -17.90 
 991 -18.63 -19.73 -17.90 
 992 -18.84 -19.70 -17.90 
 993 -18.43 -19.52 -17.90 
 994 -18.31 -19.55 -17.90 
 995 -18.52 -19.48 -17.90 
 996 -18.76 -19.57 -17.90 
 997 -18.69 -19.27 -17.90 
 998 -17.94 -19.41 -17.90 
 999 -18.31 -19.59 -17.90 
